2026-09-17T07:45:58Z
777d02da45f60490a3edfb3803a05e2b596372f3
a96fbea4-3729-4242-bc45-931f5abba8ac
7.1.5-sp11-render-parity-v4+
saved_entry=sp11-audio-fullio-v19c
next_entry=
BootCurrent: 0005
Timeout: 0 seconds
BootOrder: 0005,0004,0000,0001,0002,0006
Boot0000* Internal Storage	FvVol(631008b0-b2d1-410a-8b49-2c5c4d8ecc7e)/FvFile(50670071-478f-4be7-ad13-8754f379c62f)53444400
      dp: 04 07 14 00 b0 08 10 63 d1 b2 0a 41 8b 49 2c 5c 4d 8e cc 7e / 04 06 14 00 71 00 67 50 8f 47 e7 4b ad 13 87 54 f3 79 c6 2f / 7f ff 04 00
    data: 53 44 44 00
Boot0001* USB Storage	FvVol(631008b0-b2d1-410a-8b49-2c5c4d8ecc7e)/FvFile(50670071-478f-4be7-ad13-8754f379c62f)55534200
      dp: 04 07 14 00 b0 08 10 63 d1 b2 0a 41 8b 49 2c 5c 4d 8e cc 7e / 04 06 14 00 71 00 67 50 8f 47 e7 4b ad 13 87 54 f3 79 c6 2f / 7f ff 04 00
    data: 55 53 42 00
Boot0002* PXE Network	FvVol(631008b0-b2d1-410a-8b49-2c5c4d8ecc7e)/FvFile(50670071-478f-4be7-ad13-8754f379c62f)50584500
      dp: 04 07 14 00 b0 08 10 63 d1 b2 0a 41 8b 49 2c 5c 4d 8e cc 7e / 04 06 14 00 71 00 67 50 8f 47 e7 4b ad 13 87 54 f3 79 c6 2f / 7f ff 04 00
    data: 50 58 45 00
Boot0003* SurfaceFrontPage	FvVol(631008b0-b2d1-410a-8b49-2c5c4d8ecc7e)/FvFile(4042708a-0f2d-4823-ac60-0d77b3111889)
      dp: 04 07 14 00 b0 08 10 63 d1 b2 0a 41 8b 49 2c 5c 4d 8e cc 7e / 04 06 14 00 8a 70 42 40 2d 0f 23 48 ac 60 0d 77 b3 11 18 89 / 7f ff 04 00
Boot0004* Windows Boot Manager	HD(1,GPT,5b4f74dc-b427-4828-bc1d-ab024feeb313,0x800,0x64000)/\EFI\ubuntu\grubaa64.efi57494e444f5753000100000088000000780000004200430044004f0042004a004500430054003d007b00390064006500610038003600320063002d0035006300640064002d0034006500370030002d0061006300630031002d006600330032006200330034003400640034003700390035007d00000000000100000010000000040000007fff0400
      dp: 04 01 2a 00 01 00 00 00 00 08 00 00 00 00 00 00 00 40 06 00 00 00 00 00 dc 74 4f 5b 27 b4 28 48 bc 1d ab 02 4f ee b3 13 02 02 / 04 04 36 00 5c 00 45 00 46 00 49 00 5c 00 75 00 62 00 75 00 6e 00 74 00 75 00 5c 00 67 00 72 00 75 00 62 00 61 00 61 00 36 00 34 00 2e 00 65 00 66 00 69 00 00 00 / 7f ff 04 00
    data: 57 49 4e 44 4f 57 53 00 01 00 00 00 88 00 00 00 78 00 00 00 42 00 43 00 44 00 4f 00 42 00 4a 00 45 00 43 00 54 00 3d 00 7b 00 39 00 64 00 65 00 61 00 38 00 36 00 32 00 63 00 2d 00 35 00 63 00 64 00 64 00 2d 00 34 00 65 00 37 00 30 00 2d 00 61 00 63 00 63 00 31 00 2d 00 66 00 33 00 32 00 62 00 33 00 34 00 34 00 64 00 34 00 37 00 39 00 35 00 7d 00 00 00 00 00 01 00 00 00 10 00 00 00 04 00 00 00 7f ff 04 00
Boot0005* GRUB Bootloader	HD(1,GPT,5b4f74dc-b427-4828-bc1d-ab024feeb313,0x800,0x64000)/\EFI\ubuntu\grubaa64.efi57494e444f5753000100000088000000780000004200430044004f0042004a004500430054003d007b00350039003000350037003600330062002d0037003800390062002d0031003100660031002d0038006600660032002d006200310037003800370039003900630034003600360062007d00000000000100000010000000040000007fff0400
      dp: 04 01 2a 00 01 00 00 00 00 08 00 00 00 00 00 00 00 40 06 00 00 00 00 00 dc 74 4f 5b 27 b4 28 48 bc 1d ab 02 4f ee b3 13 02 02 / 04 04 36 00 5c 00 45 00 46 00 49 00 5c 00 75 00 62 00 75 00 6e 00 74 00 75 00 5c 00 67 00 72 00 75 00 62 00 61 00 61 00 36 00 34 00 2e 00 65 00 66 00 69 00 00 00 / 7f ff 04 00
    data: 57 49 4e 44 4f 57 53 00 01 00 00 00 88 00 00 00 78 00 00 00 42 00 43 00 44 00 4f 00 42 00 4a 00 45 00 43 00 54 00 3d 00 7b 00 35 00 39 00 30 00 35 00 37 00 36 00 33 00 62 00 2d 00 37 00 38 00 39 00 62 00 2d 00 31 00 31 00 66 00 31 00 2d 00 38 00 66 00 66 00 32 00 2d 00 62 00 31 00 37 00 38 00 37 00 39 00 39 00 63 00 34 00 36 00 36 00 62 00 7d 00 00 00 00 00 01 00 00 00 10 00 00 00 04 00 00 00 7f ff 04 00
Boot0006* Windows Direct Oracle Temp	HD(1,GPT,5b4f74dc-b427-4828-bc1d-ab024feeb313,0x800,0x64000)/\EFI\Microsoft\Boot\bootmgfw.efi
      dp: 04 01 2a 00 01 00 00 00 00 08 00 00 00 00 00 00 00 40 06 00 00 00 00 00 dc 74 4f 5b 27 b4 28 48 bc 1d ab 02 4f ee b3 13 02 02 / 04 04 46 00 5c 00 45 00 46 00 49 00 5c 00 4d 00 69 00 63 00 72 00 6f 00 73 00 6f 00 66 00 74 00 5c 00 42 00 6f 00 6f 00 74 00 5c 00 62 00 6f 00 6f 00 74 00 6d 00 67 00 66 00 77 00 2e 00 65 00 66 00 69 00 00 00 / 7f ff 04 00
