INIT=0x00000000
imp1 ret=0x00000000 sha=e9dad32ae1375c432bc55ae4fd274f74f1b8b11f654ba350927556df7ff813a6
imp1 center7=80 80 80 80 80 80 80 | 80 80 80 80 80 80 80 | 80 80 80 80 80 80 80 | 80 80 80 81 80 80 80 | 80 80 80 80 80 80 80 | 80 80 80 80 80 80 80 | 80 80 80 80 80 80 80
imp1 tail_unique_sample=80,80
imp2 ret=0x00000000 sha=49ff3e19dac9f5e5665bdcfecb2873aaa7e712c01a4c7341b6d3ef367eb9dec3
imp2 center7=80 80 80 80 80 80 80 | 80 80 80 80 80 80 80 | 80 80 80 80 80 80 80 | 80 80 80 82 80 80 80 | 80 80 80 80 80 80 80 | 80 80 80 80 80 80 80 | 80 80 80 80 80 80 80
imp2 tail_unique_sample=80,80
imp3 ret=0x00000000 sha=e2b46a475d8a2cb4c9880ec85b5c0e064695982299b035228b9fe67ea2bde2c3
imp3 center7=80 80 80 80 80 80 80 | 80 80 80 80 80 80 80 | 80 80 80 80 80 80 80 | 80 80 80 83 80 80 80 | 80 80 80 80 80 80 80 | 80 80 80 80 80 80 80 | 80 80 80 80 80 80 80
imp3 tail_unique_sample=80,80
imp4 ret=0x00000000 sha=e564541cd772de9e1ef218079fbb49ceaaac991b877d8e2739c19b6b12dc879c
imp4 center7=80 80 80 80 80 80 80 | 80 80 80 80 80 80 80 | 80 80 80 80 80 80 80 | 80 80 80 84 80 80 80 | 80 80 80 80 80 80 80 | 80 80 80 80 80 80 80 | 80 80 80 80 80 80 80
imp4 tail_unique_sample=80,80
imp8 ret=0x00000000 sha=c7312dbb05dc959d675e4738eda6e726aabf5c59fecbbb9832cf616e79a8d2fb
imp8 center7=80 80 80 80 80 80 80 | 80 80 7f 80 7f 80 80 | 80 7f 80 81 80 7f 80 | 80 80 81 88 81 80 80 | 80 7f 80 81 80 7f 80 | 80 80 7f 80 7f 80 80 | 80 80 80 80 80 80 80
imp8 tail_unique_sample=80,80
imp16 ret=0x00000000 sha=1364c4de62954714656aaebf244db9eafc78018a758cd9c5f63ceafafd06cfca
imp16 center7=80 80 80 80 80 80 80 | 80 7f 7f 7f 7f 7f 80 | 80 7f 80 82 80 7f 80 | 80 7f 82 90 82 7f 80 | 80 7f 80 82 80 7f 80 | 80 7f 7f 7f 7f 7f 80 | 80 80 80 80 80 80 80
imp16 tail_unique_sample=80,80
imp32 ret=0x00000000 sha=546cab916a0669101348573aa212e3b64c09fe5342bd148f1deb8b71cf3de8c1
imp32 center7=80 80 7f 7f 7f 80 80 | 80 7f 7f 7f 7f 7f 80 | 7f 7f 82 85 82 7f 7f | 7f 7f 85 a0 85 7f 7f | 7f 7f 82 85 82 7f 7f | 80 7f 7f 7f 7f 7f 80 | 80 80 7f 7f 7f 80 80
imp32 tail_unique_sample=80,80
imp64 ret=0x00000000 sha=ebe54ef9cccf8a51d881dce5990f3866eb7f268c85b47cc2827bea849ffc9dc5
imp64 center7=80 7f 7f 7f 7f 7f 80 | 7f 7e 7d 7e 7d 7e 7f | 7f 7d 84 8b 84 7d 7f | 7f 7e 8b c0 8b 7e 7f | 7f 7d 84 8b 84 7d 7f | 7f 7e 7d 7e 7d 7e 7f | 80 7f 7f 7f 7f 7f 80
imp64 tail_unique_sample=80,80
dim1 ret=0x00000000 sha=7b0389c90073a4fdfdb00e88ec721dc838495f4813ea66a5e6a4590c1c8e45dc
dim1 center7=80 80 80 80 80 80 80 | 80 80 80 80 80 80 80 | 80 80 80 80 80 80 80 | 80 80 80 7f 80 80 80 | 80 80 80 80 80 80 80 | 80 80 80 80 80 80 80 | 80 80 80 80 80 80 80
dim1 tail_unique_sample=80,80
dim2 ret=0x00000000 sha=8818b166239a1ca467bee24d078722d4e941e2f491654247347c4c63cfcb0455
dim2 center7=80 80 80 80 80 80 80 | 80 80 80 80 80 80 80 | 80 80 80 80 80 80 80 | 80 80 80 7e 80 80 80 | 80 80 80 80 80 80 80 | 80 80 80 80 80 80 80 | 80 80 80 80 80 80 80
dim2 tail_unique_sample=80,80
dim3 ret=0x00000000 sha=ee1a42c639ac6c2d53c73bb0554ee02130881950fb77978c0c8a3df6678627fb
dim3 center7=80 80 80 80 80 80 80 | 80 80 80 80 80 80 80 | 80 80 80 7f 80 80 80 | 80 80 7f 7d 7f 80 80 | 80 80 80 7f 80 80 80 | 80 80 80 80 80 80 80 | 80 80 80 80 80 80 80
dim3 tail_unique_sample=80,80
dim4 ret=0x00000000 sha=34218b3fb168a85b2f00d51ab6396064f2005d3c608ce2e84350b55dffa1c2f7
dim4 center7=80 80 80 80 80 80 80 | 80 80 80 80 80 80 80 | 80 80 80 7f 80 80 80 | 80 80 7f 7c 7f 80 80 | 80 80 80 7f 80 80 80 | 80 80 80 80 80 80 80 | 80 80 80 80 80 80 80
dim4 tail_unique_sample=80,80
dim8 ret=0x00000000 sha=c83a3546350e5e36ee07998729eaba005ccf7569789d5ebf36ffe3d6d0c039d7
dim8 center7=80 80 80 80 80 80 80 | 80 80 80 80 80 80 80 | 80 80 7f 7e 7f 80 80 | 80 80 7e 78 7e 80 80 | 80 80 7f 7e 7f 80 80 | 80 80 80 80 80 80 80 | 80 80 80 80 80 80 80
dim8 tail_unique_sample=80,80
dim16 ret=0x00000000 sha=cc4244bc35e3338d0e693baabe973e1cd92ca394eae98c8ad2f4c4b90acfd0fc
dim16 center7=80 80 80 80 80 80 80 | 80 80 80 80 80 80 80 | 80 80 7f 7e 7f 80 80 | 80 80 7e 70 7e 80 80 | 80 80 7f 7e 7f 80 80 | 80 80 80 80 80 80 80 | 80 80 80 80 80 80 80
dim16 tail_unique_sample=80,80
dim32 ret=0x00000000 sha=87cacdff2cf5804af411a079a35e60fa05d99651e3b5205767b43bf4be95c8f4
dim32 center7=80 80 80 80 80 80 80 | 80 80 80 80 80 80 80 | 80 80 7e 7d 7e 80 80 | 80 80 7d 60 7d 80 80 | 80 80 7e 7d 7e 80 80 | 80 80 80 80 80 80 80 | 80 80 80 80 80 80 80
dim32 tail_unique_sample=80,80
dim64 ret=0x00000000 sha=4ae68e6502834eb0c57438477d3a0b52e12afeb6b6688d45dead53c647f4be50
dim64 center7=80 80 80 81 80 80 80 | 80 81 81 81 81 81 80 | 80 81 7c 7a 7c 81 80 | 81 81 7a 40 7a 81 81 | 80 81 7c 7a 7c 81 80 | 80 81 81 81 81 81 80 | 80 80 80 81 80 80 80
dim64 tail_unique_sample=80,80
