# SP11 front imx681 lens-shading mesh v1 (own measurement, 2026-10-10).
# 13 rows x 17 columns, Q10 gains (1024 = 1.0); red, green, blue blocks.
# Pack per node: selector1 = R | G<<14, selector2 = B | G<<14, selector3 = 0 (u32 LE, row-major).
red:
5629 4550 3918 3335 2803 2379 2084 1912 1848 1888 2035 2300 2686 3172 3710 4320 5462
5107 4264 3616 2984 2436 2025 1753 1599 1545 1583 1719 1969 2352 2863 3452 4067 4924
4751 4018 3345 2691 2150 1762 1515 1379 1332 1366 1486 1715 2078 2586 3202 3843 4578
4513 3822 3125 2463 1938 1576 1351 1230 1188 1218 1326 1534 1874 2369 2997 3666 4360
4366 3681 2965 2301 1792 1450 1242 1132 1094 1122 1221 1413 1735 2215 2845 3533 4219
4289 3598 2868 2205 1706 1377 1180 1076 1041 1068 1162 1345 1655 2124 2750 3446 4130
4271 3573 2838 2174 1678 1352 1158 1057 1024 1051 1144 1326 1631 2095 2716 3410 4089
4303 3604 2872 2207 1705 1374 1177 1074 1042 1071 1167 1354 1664 2131 2749 3433 4104
4381 3686 2970 2304 1791 1446 1239 1130 1097 1129 1234 1432 1756 2234 2850 3518 4188
4514 3814 3127 2467 1939 1574 1349 1231 1195 1233 1349 1565 1910 2402 3014 3663 4352
4730 3988 3337 2695 2155 1765 1519 1387 1347 1390 1522 1760 2127 2631 3231 3859 4618
5090 4213 3592 2983 2443 2032 1762 1613 1568 1617 1765 2026 2412 2914 3487 4102 5026
5683 4481 3861 3307 2793 2379 2092 1930 1881 1937 2100 2377 2767 3245 3772 4405 5682
green:
4234 3495 3098 2725 2365 2066 1853 1725 1679 1710 1821 2016 2292 2624 2970 3356 4144
3897 3333 2918 2494 2106 1805 1600 1483 1442 1473 1578 1770 2055 2421 2819 3214 3789
3671 3189 2747 2292 1898 1606 1415 1309 1273 1300 1396 1575 1852 2227 2659 3081 3565
3524 3072 2603 2132 1740 1461 1285 1189 1156 1181 1267 1433 1698 2071 2522 2973 3429
3436 2987 2497 2016 1630 1363 1198 1110 1080 1103 1183 1338 1591 1958 2417 2891 3342
3394 2938 2433 1947 1565 1306 1148 1065 1037 1059 1135 1284 1529 1890 2351 2834 3285
3388 2926 2415 1926 1545 1287 1132 1050 1024 1046 1122 1269 1511 1869 2327 2810 3257
3411 2950 2443 1954 1569 1307 1149 1066 1040 1064 1143 1294 1539 1898 2352 2824 3264
3459 3004 2514 2030 1639 1368 1202 1115 1088 1115 1201 1360 1614 1977 2424 2878 3315
3539 3084 2623 2152 1756 1473 1294 1200 1172 1203 1297 1469 1736 2104 2539 2970 3419
3673 3188 2765 2319 1923 1626 1433 1329 1298 1334 1439 1625 1904 2271 2685 3091 3589
3902 3318 2927 2521 2138 1834 1628 1513 1479 1518 1633 1831 2115 2468 2847 3236 3856
4289 3466 3083 2734 2388 2094 1884 1764 1727 1771 1893 2095 2369 2687 3017 3412 4291
blue:
4597 3767 3308 2878 2473 2142 1907 1769 1719 1754 1877 2093 2401 2776 3174 3616 4489
4196 3567 3095 2620 2191 1862 1640 1514 1471 1504 1620 1829 2142 2547 2993 3438 4071
3916 3384 2892 2391 1962 1647 1442 1329 1291 1320 1424 1617 1918 2327 2802 3269 3796
3727 3234 2721 2209 1788 1490 1302 1200 1166 1192 1286 1463 1747 2149 2637 3129 3618
3607 3124 2594 2078 1666 1383 1209 1115 1084 1109 1194 1358 1627 2019 2512 3021 3500
3545 3059 2518 1999 1595 1321 1154 1067 1038 1061 1142 1299 1558 1941 2432 2947 3422
3530 3041 2495 1975 1572 1301 1137 1051 1024 1048 1128 1282 1538 1917 2403 2915 3384
3555 3068 2526 2006 1599 1323 1156 1069 1042 1067 1151 1309 1569 1949 2430 2932 3392
3617 3134 2609 2092 1676 1390 1214 1122 1095 1123 1213 1382 1651 2038 2514 2999 3458
3721 3236 2739 2231 1807 1505 1316 1216 1186 1219 1319 1502 1787 2182 2650 3115 3589
3889 3370 2908 2422 1993 1675 1468 1357 1324 1362 1475 1675 1976 2374 2826 3270 3801
4165 3536 3104 2655 2235 1904 1681 1558 1521 1564 1689 1905 2216 2605 3027 3457 4126
4614 3722 3294 2901 2516 2192 1962 1830 1791 1839 1975 2199 2504 2863 3239 3683 4642
